0,TCC1,2020-2021,1,1,4,100,1,0,
N20DCPT002,8,0,
N19DCCN007,9,0,2,
0,TCC2,2020-2021,2,1,4,100,0,0,
N20DCPT001,8,0,
N19DCCN009,9,0,2,
0,TKDH,2021-2022,2,1,5,70,0,0,
N20DCPT001,8,0,
N20DCPT004,9,0,
N20DCPT002,2,0,
N20DCPT006,8,0,2,
0,CTDL,2021-2022,2,1,4,80,0,0,
N20DCPT003,8,0,
N20DCPT001,7,0,
N20DCPT004,6,0,
N20DCPT002,5,0,
N20DCPT005,4,0,
N20DCPT006,10,0,
N19DCCN008,2,0,
N19DCCN007,8,0,
N19DCCN009,2,0,
N20DCPT039,9,0,2,
0,TRR,2021-2022,1,1,3,30,0,0,
N20DCPT003,7,0,
N20DCPT001,6,0,
N20DCPT004,9,0,
N20DCPT002,10,0,
N20DCPT005,5,0,
N20DCPT006,4,0,
N19DCCN008,2,0,
N19DCCN007,8,0,
N19DCCN009,2,0,2,
0,XSTK,2021-2022,1,1,3,100,0,0,
N20DCPT006,4,0,
N20DCPT001,7,0,
N20DCPT002,5,0,
N20DCPT003,8,0,
N20DCPT005,4,0,
N20DCPT006,3,0,
N19DCCN007,9,0,
N19DCCN008,2,0,
N19DCCN009,8,0,2,
0,TK3D,2021-2022,2,1,4,50,0,0,
N20DCPT004,9,0,
N20DCPT003,2,0,
N20DCPT006,8,0,
N19DCCN007,9,0,
N19DCCN008,2,0,
N19DCCN009,8,0,2,
